1 0 0.0 0
2 1 10.5 1
3 0 5.0 0
4 1 20.0 2
5 0 15.0 0
6 1 30.5 3
7 0 0.0 0
8 1 12.0 1
9 0 7.5 0
10 1 25.0 2
11 0 10.0 1
12 1 18.0 2
13 0 0.0 0
14 1 8.5 1
15 0 6.0 0
16 1 22.0 3
17 0 0.0 0
18 1 14.5 1
19 0 9.0 0
20 1 35.0 5
21 0 0.0 0
22 1 11.5 1
23 0 0.0 0
24 1 19.0 2
25 0 13.0 1
26 1 16.5 2
27 0 0.0 0
28 1 21.0 3
29 0 8.0 0
30 1 27.0 4
31 0 0.0 0
32 1 13.5 1
33 0 10.5 0
34 1 30.0 4
35 0 5.5 0
36 1 12.0 2
37 0 0.0 0
38 1 23.0 3
39 0 9.0 0
40 1 28.0 5
41 0 0.0 0
42 1 17.5 2
43 0 7.5 0
44 1 25.5 3
45 0 0.0 0
46 1 19.5 2
47 0 12.0 1
48 1 24.0 3
49 0 11.5 0
50 1 31.0 5
